01000101 01001001 01000100
01000101 01001001 01000100
01000101 01001001 01000100
01000101 01001001 01000100
01000101 01001001 01000100
01000101 01001001 01000100
01000101 01001001 01000100
01000101 01001001 01000100
01000101 01001001 01000100
01000101 01001001 01000100
01000101 01001001 01000100
01000101 01001001 01000100
01000101 01001001 01000100
01000101 01001001 01000100
01000101 01001001 01000100
01000101 01001001 01000100
01000101 01001001 01000100
01000101 01001001 01000100
01000101 01001001 01000100
01000101 01001001 01000100
01000101 01001001 01000100
01000101 01001001 01000100
01000101 01001001 01000100
01000101 01001001 01000100
01000101 01001001 01000100
01000101 01001001 01000100
01000101 01001001 01000100
01000101 01001001 01000100
01000101 01001001 01000100
01000101 01001001 01000100